0  1  2  3  4  5  6  7  
8  9 10 11 12 13 14 15 

16 17 18 19 20 21 . . 52 53 54 55 56 57 . . 88 89 90 91 92 93 
22 23 24 25 26 27 . . 58 59 60 61 62 63 . . 94 95 96 97 98 99 
28 29 30 31 32 33 . . 64 65 66 67 68 69 . . 100 101 102 103 104 105 
34 35 36 37 38 39 . . 70 71 72 73 74 75 . . 106 107 108 109 110 111 
40 41 42 43 44 45 . . 76 77 78 79 80 81 . . 112 113 114 115 116 117 
46 47 48 49 50 51 . . 82 83 84 85 86 87 . . 118 119 120 121 122 123 

124 125 126 127 128 129 . . 160 161 162 163 164 165 . . 196 197 198 199 200 201 
130 131 132 133 134 135 . . 166 167 168 169 170 171 . . 202 203 204 205 206 207 
136 137 138 139 140 141 . . 172 173 174 175 176 177 . . 208 209 210 211 212 213 
142 143 144 145 146 147 . . 178 179 180 181 182 183 . . 214 215 216 217 218 219 
148 149 150 151 152 153 . . 184 185 186 187 188 189 . . 220 221 222 223 224 225 
154 155 156 157 158 159 . . 190 191 192 193 194 195 . . 226 227 228 229 230 231 

232 233 234 235 236 237 238 239 240 241 242 243 244 245 246 247 248 249 250 251 252 253 254 255