0 1 2 3 4 5 6 7 . 0 1 2 3 4 5 6 7 . 0

0 0 4 6 6 6 6 6 4 0 0 0 0 0
0 4 6 7 7 7 7 7 6 4 0 0 0 0
4 6 7 7 7 7 7 7 7 6 4 0 0 0
4 6 7 7 0 7 7 0 7 6 4 0 0 0
4 6 7 7 7 7 7 7 7 7 6 4 0 0
4 6 7 7 7 5 1 7 7 7 7 6 4 0
0 4 6 7 7 7 7 7 7 6 4 0 0 0
0 0 4 6 7 7 7 7 7 7 6 4 0 0
0 0 0 4 6 6 7 7 7 7 7 6 4 0
0 0 0 0 4 4 6 7 7 7 7 7 6 4
0 0 0 0 0 0 4 4 6 6 6 6 4 4
. . . . . . . . . . . . . . 2 3 1 2 3 1
. . . . . . . . . . . . . . 2 3 1 2 3 1
. . . . . . . . . . . . . . 2 3 1 2 3 1
. . . . . . . . . . . . . . 2 2 2 3 3 3
. . . . . . . . . . . . . . 3 3 3 1 1 1
. . . . . . . . . . . . . . 1 1 1 2 2 2